3.452925 
1636158.000000 
-2746535.000000 
-502666400.000000 
0.298065 
-22258920.000000 
206.940400 
32793960.000000 
610.318100 
40025890.000000 
-88.608100 
7.932311 
-7.891884 
17059060.000000 
0.731783 
-3.822556 
-50283.680000 
13.178090 
884004.200000 
25.940200 
-143.347200 
-1403220000.000000 
-292229800000.000000 
18455910.000000 
2012093000000000.000000 
-33811.370000 
-785.091800 
44072.750000 
-2209.040000 
-288.814600 
-2.392970 
-36321390.000000 
-0.122192 
5273.480000 
15.588760 
-3.167776 
2022398.000000 
7132.638000 
8439183.000000 
23.855680 
593003600000.000000 
-117160900000.000000 
393656500.000000 
-336525.600000 
-43832.830000 
-17990130000.000000 
103988000.000000 
0.018912 
-9.787112 
-3.120738 
-79.704710 
-28.787540 
3578.723000 
0.383938 
-1159.107000 
-13142.820000 
-8557.552000 
514.173200 
1956.127000 
-15758.760000 
-0.137301 
-78.931440 
625.653400 
90138.450000 
-1.216690 
3.152206 
32547200.000000 
0.740956 
-571.743400 
-3.567429 
-5.322745 
8682250.000000 
0.400139 
14.928960 
0.108219 
145.253200 
-0.009783 
-144510300.000000 
-0.635754 
4.038883 
-1.383921 
0.150881 
1248936000.000000 
2131128000.000000 
-441.883200 
37.140470 
3.358978 
60179.300000 
487.696700 
-17.843270 
1660973.000000 
-0.511057 
8.337073 
234926400.000000 
203192.700000 
-1289889000000.000000 
-1.666613 
-0.259541 
-8356882000000.000000 
-2717368000.000000 